14424 9451 1.000000
14424 14200 1.000000
14424 14428 1.000000
14424 14430 1.000000
14424 14431 1.000000
14424 14432 1.000000
14425 14426 1.000000
14425 14427 1.000000
14425 14429 1.000000
14426 14425 1.000000
14426 14427 1.000000
14426 14429 1.000000
14427 14425 1.000000
14427 14426 1.000000
14427 14429 1.000000
14428 9451 1.000000
14428 14200 1.000000
14428 14424 1.000000
14428 14430 1.000000
14428 14431 1.000000
14428 14432 1.000000
14429 14425 1.000000
14429 14426 1.000000
14429 14427 1.000000
14430 9451 1.000000
14430 14200 1.000000
14430 14424 1.000000
14430 14428 1.000000
14430 14431 1.000000
14430 14432 1.000000
14431 9451 1.000000
14431 14200 1.000000
14431 14424 1.000000
14431 14428 1.000000
14431 14430 1.000000
14431 14432 1.000000
14432 9451 1.000000
14432 14200 1.000000
14432 14424 1.000000
14432 14428 1.000000
14432 14430 1.000000
14432 14431 1.000000
14450 14371 0.824561
14450 14708 0.833333
14463 14383 0.803279
14463 14499 0.812500
14463 14608 0.800000
14484 14605 0.888889
14486 14525 0.808219
14496 14362 0.806452
14496 14365 0.881356
14496 14370 0.813559
14496 14407 0.836066
14496 14499 0.806452
14496 14606 0.816667
14496 14608 0.824561
14496 14706 0.836066
14499 14362 0.838710
14499 14365 0.852459
14499 14376 0.803279
14499 14407 0.868852
14499 14463 0.812500
14499 14496 0.806452
14499 14602 0.803279
14499 14706 0.809524
14506 14361 0.847458
14506 14362 0.806452
14506 14365 0.819672
14506 14370 0.813559
14506 14376 0.862069
14506 14407 0.836066
14506 14606 0.816667
14506 14706 0.806452
14525 14486 0.808219
14525 14603 0.808219
14535 14338 0.857143
14535 14371 0.870370
14535 14604 0.800000
14535 14624 0.900000
14591 14620 0.883721
14602 14362 0.803279
14602 14499 0.803279
14603 14525 0.808219
14604 14385 0.803279
14604 14535 0.800000
14604 14624 0.811321
14605 14484 0.888889
14605 14632 0.811321
14606 14361 0.830508
14606 14362 0.850000
14606 14365 0.896552
14606 14370 0.827586
14606 14376 0.844828
14606 14396 0.806452
14606 14407 0.850000
14606 14496 0.816667
14606 14506 0.816667
14606 14608 0.807018
14606 14704 0.800000
14606 14706 0.850000
14607 14770 0.833333
14608 14362 0.827586
14608 14365 0.842105
14608 14370 0.836364
14608 14376 0.854545
14608 14407 0.859649
14608 14463 0.800000
14608 14496 0.824561
14608 14606 0.807018
14608 14706 0.859649
14619 14651 0.800000
14620 14308 0.853659
14620 14312 0.853659
14620 14591 0.883721
14624 14338 0.913043
14624 14371 0.849057
14624 14535 0.900000
14624 14604 0.811321
14632 14605 0.811321
14651 14619 0.800000
14656 14371 0.838710
14656 14385 0.848485
14656 14708 0.818182
14704 14396 0.805970
14704 14606 0.800000
14704 14706 0.846154
14705 14708 0.838710
14706 14362 0.838710
14706 14365 0.852459
14706 14370 0.847458
14706 14376 0.833333
14706 14407 0.838710
14706 14496 0.836066
14706 14499 0.809524
14706 14506 0.806452
14706 14606 0.850000
14706 14608 0.859649
14706 14704 0.846154
14707 14339 0.836364
14708 14371 0.864407
14708 14385 0.815385
14708 14450 0.833333
14708 14656 0.818182
14708 14705 0.838710
14770 14607 0.833333
14780 14785 0.859649
14785 14780 0.859649
14812 8409 1.000000
14895 6583 1.000000
14895 9770 1.000000
14896 6584 1.000000
14896 9771 1.000000
14897 6585 1.000000
14897 9772 1.000000
14898 6586 1.000000
14898 9773 1.000000
14899 6587 1.000000
14899 9774 1.000000
14900 6588 1.000000
14900 9775 1.000000
14901 6589 1.000000
14901 9776 1.000000
14902 6590 1.000000
14902 9777 1.000000
14903 6591 1.000000
14903 9778 1.000000
14904 6592 1.000000
14904 9779 1.000000
14905 6593 1.000000
14905 9780 1.000000
14906 6594 1.000000
14906 9781 1.000000
14907 6595 1.000000
14907 9782 1.000000
14908 6596 1.000000
14908 9783 1.000000
14909 6597 1.000000
14909 9784 1.000000
14910 6598 1.000000
14910 9785 1.000000
14911 6599 1.000000
14911 9786 1.000000
14912 6600 1.000000
14912 9787 1.000000
14913 6601 1.000000
14913 9788 1.000000
14914 6602 1.000000
14914 9789 1.000000
14915 6603 1.000000
14915 9790 1.000000
14916 6604 1.000000
14916 9791 1.000000
14922 11309 1.000000
14923 11310 1.000000
14924 11312 1.000000
14928 11316 1.000000
14929 11319 1.000000
14929 17169 1.000000
14934 11331 1.000000
14934 17172 1.000000
14935 11341 1.000000
14936 11343 1.000000
14937 11344 1.000000
14946 11360 1.000000
14950 11364 0.811475
14951 11366 0.952381
14952 11367 1.000000
14953 11369 1.000000
14954 11371 1.000000
14955 11373 1.000000
14956 11374 1.000000
14957 11375 1.000000
14958 11378 1.000000
14960 11380 1.000000
14961 11382 1.000000
14962 11383 1.000000
14964 11389 1.000000
14964 17205 1.000000
14967 11394 1.000000
14968 11396 1.000000
14969 11397 1.000000
14970 11398 1.000000
14971 11399 1.000000
14972 11400 1.000000
14973 11401 1.000000
14974 11402 1.000000
14975 11403 1.000000
14976 11404 1.000000
14977 11405 1.000000
14978 11406 1.000000
14979 11407 1.000000
14980 11408 1.000000
14981 11409 1.000000
14982 11410 1.000000
14983 11411 1.000000
14984 11412 1.000000
14985 11413 1.000000
14986 11414 1.000000
14987 11415 1.000000
14988 11416 1.000000
14989 11417 1.000000
15009 17214 1.000000
15010 17215 1.000000
15027 17228 1.000000
15034 17234 1.000000
15035 17235 1.000000
15036 17236 1.000000
15048 17245 1.000000
15049 17247 1.000000
15050 17248 1.000000
15051 17249 1.000000
15052 17250 1.000000
15053 17251 1.000000
15054 17252 1.000000
15065 17268 0.833333
15096 17277 1.000000
15108 15165 0.910714
15112 15418 0.854545
15152 15532 0.820000
15165 15108 0.910714
15202 15477 0.832547
15202 15489 0.838095
15223 15489 0.800000
15269 15526 0.864865
15315 15389 0.800000
15315 15480 0.816667
15389 15315 0.800000
15389 15480 0.872727
15389 15547 0.821429
15418 15112 0.854545
15426 17291 1.000000
15427 17292 1.000000
15428 17293 1.000000
15429 17294 1.000000
15430 17295 1.000000
15431 17296 1.000000
15432 17297 1.000000
15433 17298 1.000000
15434 17299 1.000000
15435 17300 1.000000
15436 15468 0.801843
15436 17269 0.802326
15436 17301 1.000000
15437 17302 1.000000
15438 17303 1.000000
15439 17304 1.000000
15440 17305 1.000000
15441 17306 1.000000
15442 17307 1.000000
15443 17308 1.000000
15444 17309 1.000000
15445 17310 1.000000
15468 15436 0.801843
15468 17301 0.801843
15477 15202 0.832547
15477 15489 0.837264
15480 15315 0.816667
15480 15389 0.872727
15480 15547 0.807018
15489 15202 0.838095
15489 15223 0.800000
15489 15477 0.837264
15509 17269 0.822275
15520 17269 0.847500
15526 15269 0.864865
15532 15152 0.820000
15547 15389 0.821429
15547 15480 0.807018
15554 17019 1.000000
15555 17020 1.000000
15599 17328 1.000000
15600 17329 1.000000
15601 17330 1.000000
15617 15690 0.864198
15619 15621 0.804598
15619 15685 0.811765
15621 15619 0.804598
15621 15634 0.847059
15621 15685 0.890244
15634 15621 0.847059
15634 15685 0.855422
15654 15673 0.811111
15654 15678 0.800000
15673 15654 0.811111
15678 15654 0.800000
15685 15619 0.811765
15685 15621 0.890244
15685 15634 0.855422
15690 15617 0.864198
15690 15696 0.868421
15696 15690 0.868421
15734 15752 0.800000
15752 15734 0.800000
15770 17331 1.000000
15788 15896 0.843750
15788 15968 0.812500
15788 16229 0.838710
15788 16301 0.806452
15788 16783 0.800000
15788 16805 0.803030
15788 16810 0.803030
15795 16054 0.827586
15795 16452 0.800000
15795 16454 0.836364
15798 15896 0.822581
15798 16054 0.803279
15798 16319 0.806452
15798 16552 0.803279
15798 16781 0.850000
15798 16850 0.807018
15802 15814 0.821114
15802 15898 0.830357
15802 15900 0.857567
15802 15909 0.855457
15802 15912 0.888218
15802 15918 0.846154
15802 15928 0.840237
15802 15947 0.865269
15802 15948 0.809249
15802 15964 0.854167
15802 15970 0.825581
15802 15995 0.820809
15802 16270 0.816327
15802 16359 0.828909
15802 17340 0.855457
15806 15979 0.803571
15806 15982 0.880000
15806 15988 0.903846
15806 16019 0.860000
15806 16041 0.830189
15806 16047 0.851852
15806 16056 0.818182
15806 16062 0.823529
15806 16108 0.818182
15806 16127 0.921569
15806 16164 0.820000
15806 16198 0.820000
15806 16930 0.807692
15806 17351 0.818182
15806 17392 0.820000
15808 15895 0.897436
15808 16336 0.825000
15808 16353 0.837838
15809 16570 0.939394
15810 16088 0.800000
15814 15802 0.821114
15814 15898 0.857585
15814 15900 0.851515
15814 15909 0.843844
15814 15912 0.810089
15814 15918 0.851064
15814 15928 0.817365
15814 15964 0.820359
15814 15995 0.819527
15814 16223 0.816024
15814 16359 0.800595
15814 17340 0.843844
15815 15822 0.849057
15815 15897 0.843137
15815 15933 0.800000
15815 15969 0.862745
15815 16011 0.807692
15815 16023 0.811321
15815 16067 0.826923
15815 16070 0.803922
15815 16072 0.846154
15815 16088 0.826923
15815 16098 0.846154
15815 16107 0.900000
15815 16109 0.880000
15815 16152 0.851852
15815 16154 0.811321
15815 16158 0.833333
15815 16161 0.800000
15815 16165 0.800000
15815 16167 0.846154
15815 16170 0.800000
15815 16172 0.830189
15815 16197 0.826923
15815 16201 0.826923
15815 16206 0.811321
15815 16210 0.800000
15815 16222 0.807692
15815 16232 0.807692
15815 16265 0.811321
15815 16279 0.811321
15815 16283 0.814815
15815 16295 0.833333
15815 16320 0.830189
15815 16322 0.811321
15815 16340 0.830189
15815 16355 0.808511
15815 16415 0.833333
15815 16451 0.814815
15815 16455 0.846154
15815 16463 0.807692
15815 16489 0.833333
15815 16495 0.818182
15815 16499 0.826923
15815 16501 0.800000
15815 16514 0.820000
15815 16520 0.800000
15815 16523 0.826923
15815 16543 0.830189
15815 16770 0.820000
15815 16813 0.836735
15815 16932 0.816327
15815 16933 0.830189
15815 16935 0.814815
15815 16936 0.836735
15815 17355 0.826923
15815 17380 0.851852
15815 17382 0.811321
15815 17386 0.833333
15815 17389 0.800000
15815 17393 0.800000
15815 17395 0.846154
15815 17398 0.800000
15815 17400 0.830189
15818 15955 0.836364
15821 16247 0.819672
15821 16781 0.803279
15822 15815 0.849057
15822 15893 0.818182
15822 15897 0.886792
15822 15939 0.890909
15822 15951 0.830189
15822 15969 0.870370
15822 15980 0.800000
15822 16004 0.842105
15822 16011 0.886792
15822 16016 0.818182
15822 16018 0.821429
15822 16023 0.821429
15822 16027 0.816667
15822 16033 0.857143
15822 16040 0.814815
15822 16048 0.803571
15822 16050 0.854545
15822 16061 0.807018
15822 16063 0.800000
15822 16065 0.847458
15822 16067 0.942308
15822 16072 0.924528
15822 16082 0.890909
15822 16084 0.803571
15822 16088 0.836364
15822 16098 0.924528
15822 16107 0.836364
15822 16109 0.923077
15822 16118 0.830189
15822 16152 0.827586
15822 16154 0.821429
15822 16156 0.836364
15822 16158 0.981132
15822 16161 0.846154
15822 16163 0.803571
15822 16165 0.842105
15822 16167 0.924528
15822 16170 0.810345
15822 16172 0.839286
15822 16197 0.870370
15822 16199 0.862069
15822 16201 0.942308
15822 16203 0.927273
15822 16206 0.888889
15822 16210 0.842105
15822 16212 0.870370
15822 16226 0.862069
15822 16228 0.807018
15822 16232 0.818182
15822 16234 0.927273
15822 16238 0.810345
15822 16263 0.888889
15822 16265 0.924528
15822 16267 0.857143
15822 16269 0.872727
15822 16272 0.821429
15822 16274 0.905660
15822 16276 0.803571
15822 16279 0.854545
15822 16283 0.890909
15822 16285 0.909091
15822 16295 0.981132
15822 16297 0.875000
15822 16316 0.821429
15822 16320 0.839286
15822 16322 0.924528
15822 16334 0.826923
15822 16340 0.907407
15822 16346 0.870370
15822 16376 0.870370
15822 16409 0.870370
15822 16415 0.909091
15822 16420 0.827586
15822 16441 0.800000
15822 16451 0.925926
15822 16453 0.818182
15822 16455 0.854545
15822 16468 0.833333
15822 16477 0.905660
15822 16489 0.875000
15822 16495 0.962963
15822 16499 0.803571
15822 16501 0.811321
15822 16514 0.830189
15822 16520 0.944444
15822 16523 0.905660
15822 16571 0.888889
15822 16736 0.839286
15822 16756 0.836364
15822 16765 0.847458
15822 16770 0.830189
15822 16813 0.846154
15822 16816 0.836364
15822 16876 0.818182
15822 16932 0.826923
15822 16933 0.907407
15822 16935 0.925926
15822 16936 0.846154
15822 16938 0.839286
15822 17355 0.942308
15822 17380 0.827586
15822 17382 0.821429
15822 17384 0.836364
15822 17386 0.981132
15822 17389 0.846154
15822 17391 0.803571
15822 17393 0.842105
15822 17395 0.924528
15822 17398 0.810345
15822 17400 0.839286
15822 17584 0.839286
15826 15828 0.853333
15828 15826 0.853333
15830 15835 0.832215
15835 15830 0.832215
15844 17332 1.000000
15845 17333 1.000000
15846 17334 1.000000
15847 17335 1.000000
15848 17336 1.000000
15870 16249 0.826316
15870 16391 0.808564
15870 16641 0.811705
15870 16906 0.813158
15870 17429 0.826316
15870 17775 0.813158
15893 15822 0.818182
15893 15897 0.846154
15893 15933 0.803922
15893 16011 0.811321
15893 16042 0.840000
15893 16098 0.814815
15893 16109 0.846154
15893 16118 0.823529
15893 16143 0.830189
15893 16158 0.803571
15893 16161 0.803922
15893 16163 0.830189
15893 16206 0.814815
15893 16269 0.800000
15893 16283 0.818182
15893 16295 0.803571
15893 16320 0.800000
15893 16334 0.820000
15893 16340 0.800000
15893 16385 0.820000
15893 16501 0.803922
15893 16514 0.823529
15893 16523 0.830189
15893 16813 0.877551
15893 16936 0.803922
15893 17371 0.830189
15893 17386 0.803571
15893 17389 0.803922
15893 17391 0.830189
15894 16032 0.813559
15894 16450 0.803571
15895 15808 0.897436
15895 16118 0.804348
15895 16161 0.822222
15895 16326 0.800000
15895 16336 0.875000
15895 16353 0.842105
15895 16358 0.833333
15895 17389 0.822222
15896 15788 0.843750
15896 15798 0.822581
15896 15945 0.800000
15896 15952 0.806452
15896 16054 0.822581
15896 16071 0.809524
15896 16093 0.815385
15896 16301 0.803279
15896 16386 0.805970
15896 16454 0.800000
15896 16785 0.806452
15896 16810 0.828125
15897 15815 0.843137
15897 15822 0.886792
15897 15893 0.846154
15897 15933 0.840000
15897 15939 0.818182
15897 15951 0.823529
15897 15955 0.814815
15897 15969 0.830189
15897 15980 0.826923
15897 16011 0.846154
15897 16021 0.803571
15897 16042 0.803922
15897 16050 0.814815
15897 16065 0.810345
15897 16067 0.830189
15897 16070 0.807692
15897 16072 0.884615
15897 16098 0.884615
15897 16107 0.830189
15897 16109 0.920000
15897 16118 0.860000
15897 16143 0.830189
15897 16152 0.821429
15897 16156 0.830189
15897 16158 0.870370
15897 16161 0.877551
15897 16163 0.865385
15897 16165 0.803571
15897 16167 0.849057
15897 16201 0.830189
15897 16203 0.821429
15897 16206 0.884615
15897 16212 0.865385
15897 16234 0.821429
15897 16265 0.814815
15897 16283 0.818182
15897 16285 0.803571
15897 16295 0.870370
15897 16320 0.800000
15897 16322 0.849057
15897 16334 0.857143
15897 16340 0.867925
15897 16415 0.803571
15897 16451 0.818182
15897 16453 0.882353
15897 16455 0.814815
15897 16477 0.830189
15897 16489 0.803571
15897 16495 0.854545
15897 16501 0.877551
15897 16514 0.823529
15897 16520 0.836364
15897 16523 0.830189
15897 16571 0.884615
15897 16813 0.840000
15897 16816 0.865385
15897 16865 0.811321
15897 16932 0.857143
15897 16933 0.800000
15897 16935 0.818182
15897 16936 0.840000
15897 17355 0.830189
15897 17371 0.830189
15897 17380 0.821429
15897 17384 0.830189
15897 17386 0.870370
15897 17389 0.877551
15897 17391 0.865385
15897 17393 0.803571
15897 17395 0.849057
15898 15802 0.830357
15898 15814 0.857585
15898 15900 0.855828
15898 15909 0.848024
15898 15912 0.847095
15898 15918 0.884375
15898 15920 0.805970
15898 15928 0.878125
15898 15947 0.824242
15898 15964 0.840979
15898 15970 0.822823
15898 15995 0.839879
15898 16223 0.830816
15898 16270 0.818731
15898 16359 0.866044
15898 17340 0.848024
15900 15802 0.857567
15900 15814 0.851515
15900 15898 0.855828
15900 15909 0.898773
15900 15912 0.898148
15900 15918 0.889231
15900 15920 0.844311
15900 15922 0.818713
15900 15928 0.877301
15900 15947 0.857576
15900 15948 0.822485
15900 15964 0.802941
15900 15970 0.812317
15900 15995 0.839763
15900 16068 0.809384
15900 16223 0.809384
15900 16270 0.813609
15900 16359 0.865443
15900 17340 0.898773
15900 17343 0.825959
15900 17356 0.809384
15903 17337 1.000000
15904 17338 1.000000
15905 17339 1.000000
15909 15802 0.855457
15909 15814 0.843844
15909 15898 0.848024
15909 15900 0.898773
15909 15912 0.878419
15909 15918 0.881098
15909 15920 0.836795
15909 15928 0.875000
15909 15947 0.838806
15909 15970 0.805233
15909 15995 0.821637
15909 16270 0.822485
15909 16359 0.829851
15909 17340 1.000000
15910 17341 1.000000
15911 17342 1.000000
15912 15802 0.888218
15912 15814 0.810089
15912 15898 0.847095
15912 15900 0.898148
15912 15909 0.878419
15912 15918 0.863222
15912 15920 0.835821
15912 15922 0.864865
15912 15928 0.909375
15912 15947 0.918495
15912 15948 0.869301
15912 15964 0.816024
15912 15970 0.864048
15912 15995 0.836795
15912 16068 0.817109
15912 16270 0.810651
15912 16359 0.891304
15912 17340 0.878419
15912 17343 0.867069
15912 17356 0.817109
15914 16155 0.825000
15914 16557 0.833333
15914 17383 0.825000
15918 15802 0.846154
15918 15814 0.851064
15918 15898 0.884375
15918 15900 0.889231
15918 15909 0.881098
15918 15912 0.863222
15918 15920 0.832836
15918 15928 0.888545
15918 15947 0.834835
15918 15948 0.800587
15918 15964 0.818452
15918 16223 0.852410
15918 16270 0.823881
15918 16359 0.836858
15918 17340 0.881098
15919 16109 0.807692
15919 16206 0.846154
15920 15898 0.805970
15920 15900 0.844311
15920 15909 0.836795
15920 15912 0.835821
15920 15918 0.832836
15920 15928 0.848943
15920 15947 0.818991
15920 16359 0.804734
15920 17340 0.836795
15922 15900 0.818713
15922 15912 0.864865
15922 15928 0.812317
15922 15947 0.847761
15922 15948 0.902141
15922 16068 0.816327
15922 16359 0.817109
15922 17343 0.990446
15922 17356 0.816327
15923 17344 1.000000
15924 17345 1.000000
15927 16344 0.805556
15927 16798 0.861111
15927 16870 0.861111
15928 15802 0.840237
15928 15814 0.817365
15928 15898 0.878125
15928 15900 0.877301
15928 15909 0.875000
15928 15912 0.909375
15928 15918 0.888545
15928 15920 0.848943
15928 15922 0.812317
15928 15947 0.879630
15928 15948 0.854545
15928 15964 0.812500
15928 15970 0.843844
15928 15995 0.822485
15928 16068 0.802941
15928 16223 0.802941
15928 16270 0.845455
15928 16359 0.893750
15928 17340 0.875000
15928 17343 0.819527
15928 17356 0.802941
15933 15815 0.800000
15933 15893 0.803922
15933 15897 0.840000
15933 15980 0.820000
15933 16023 0.807692
15933 16092 0.820000
15933 16107 0.823529
15933 16143 0.823529
15933 16146 0.847826
15933 16163 0.823529
15933 16222 0.803922
15933 16477 0.823529
15933 16809 0.808511
15933 16865 0.840000
15933 17371 0.823529
15933 17374 0.847826
15933 17391 0.823529
15939 15822 0.890909
15939 15897 0.818182
15939 15969 0.836364
15939 16004 0.842105
15939 16011 0.818182
15939 16016 0.818182
15939 16018 0.854545
15939 16023 0.821429
15939 16050 0.821429
15939 16061 0.807018
15939 16065 0.816667
15939 16067 0.905660
15939 16072 0.854545
15939 16082 0.857143
15939 16098 0.821429
15939 16109 0.851852
15939 16154 0.821429
15939 16156 0.803571
15939 16158 0.909091
15939 16161 0.811321
15939 16165 0.875000
15939 16167 0.888889
15939 16170 0.810345
15939 16172 0.807018
15939 16197 0.836364
15939 16199 0.894737
15939 16201 0.870370
15939 16203 0.859649
15939 16206 0.821429
15939 16210 0.810345
15939 16212 0.836364
15939 16226 0.800000
15939 16232 0.818182
15939 16234 0.927273
15939 16238 0.810345
15939 16263 0.821429
15939 16265 0.924528
15939 16267 0.857143
15939 16269 0.807018
15939 16272 0.821429
15939 16274 0.870370
15939 16279 0.854545
15939 16285 0.875000
15939 16295 0.909091
15939 16297 0.875000
15939 16316 0.821429
15939 16322 0.924528
15939 16340 0.807018
15939 16346 0.836364
15939 16376 0.870370
15939 16409 0.870370
15939 16415 0.875000
15939 16420 0.827586
15939 16451 0.824561
15939 16468 0.800000
15939 16477 0.870370
15939 16489 0.842105
15939 16495 0.927273
15939 16499 0.803571
15939 16520 0.909091
15939 16523 0.803571
15939 16543 0.807018
15939 16571 0.821429
15939 16736 0.807018
15939 16765 0.816667
15939 16816 0.803571
15939 16876 0.818182
15939 16932 0.826923
15939 16933 0.839286
15939 16935 0.857143
15939 16938 0.807018
15939 17355 0.905660
15939 17382 0.821429
15939 17384 0.803571
15939 17386 0.909091
15939 17389 0.811321
15939 17393 0.875000
15939 17395 0.888889
15939 17398 0.810345
15939 17400 0.807018
15939 17584 0.807018
15940 16095 0.803922
15940 16450 0.836735
15940 16519 0.875000
15940 16833 0.826087
15940 16934 0.820000
15945 15896 0.800000
15945 15952 0.822581
15945 16022 0.815385
15945 16093 0.803030
15945 16810 0.815385
15946 16560 0.800000
15946 16752 0.833333
15947 15802 0.865269
15947 15898 0.824242
15947 15900 0.857576
15947 15909 0.838806
15947 15912 0.918495
15947 15918 0.834835
15947 15920 0.818991
15947 15922 0.847761
15947 15928 0.879630
15947 15948 0.897833
15947 15964 0.820895
15947 15970 0.846847
15947 15995 0.836310
15947 16068 0.838323
15947 16270 0.820895
15947 16359 0.885093
15947 17340 0.838806
15947 17343 0.855422
15947 17356 0.838323
15948 15802 0.809249
15948 15900 0.822485
15948 15912 0.869301
15948 15918 0.800587
15948 15922 0.902141
15948 15928 0.854545
15948 15947 0.897833
15948 15970 0.817647
15948 16068 0.852853
15948 16359 0.854103
15948 17343 0.910494
15948 17356 0.852853
15951 15822 0.830189
15951 15897 0.823529
15951 16098 0.826923
15951 16107 0.807692
15951 16109 0.860000
15951 16158 0.814815
15951 16201 0.807692
15951 16206 0.826923
15951 16295 0.814815
15951 16340 0.811321
15951 16495 0.800000
15951 16523 0.807692
15951 16813 0.816327
15951 17386 0.814815
15952 15896 0.806452
15952 15945 0.822581
15952 15968 0.833333
15952 16022 0.852459
15952 16054 0.847458
15952 16071 0.833333
15952 16073 0.806452
15952 16093 0.809524
15952 16175 0.822581
15952 16221 0.810345
15952 16239 0.833333
15952 16319 0.819672
15952 16372 0.877193
15952 16386 0.800000
15952 16452 0.819672
15952 16454 0.824561
15952 16533 0.844828
15952 16546 0.879310
15952 16559 0.800000
15952 16709 0.850000
15952 16783 0.850000
15952 16785 0.830508
15952 16810 0.822581
15952 16937 0.813559
15952 17403 0.822581
15955 15818 0.836364
15955 15897 0.814815
15955 16206 0.818182
15955 16340 0.803571
15955 16477 0.800000
15957 16130 0.886792
15957 16545 0.818182
15957 16768 0.821429
15958 16939 0.822581
15964 15802 0.854167
15964 15814 0.820359
15964 15898 0.840979
15964 15900 0.802941
15964 15912 0.816024
15964 15918 0.818452
15964 15928 0.812500
15964 15947 0.820895
15964 15970 0.892308
15964 15995 0.825444
15964 16068 0.843844
15964 16270 0.804734
15964 16359 0.839394
15964 17356 0.843844
15966 15982 0.807692
15966 16062 0.823529
15966 16064 0.840000
15966 16164 0.857143
15966 16198 0.820000
15966 16211 0.803922
15966 16793 0.800000
15966 17392 0.857143
15966 17445 0.811321
15968 15788 0.812500
15968 15952 0.833333
15968 15979 0.816667
15968 15988 0.813559
15968 16047 0.830508
15968 16054 0.819672
15968 16071 0.806452
15968 16108 0.800000
15968 16127 0.827586
15968 16173 0.870968
15968 16175 0.825397
15968 16341 0.800000
15968 16386 0.830769
15968 16559 0.803279
15968 16572 0.809524
15968 16709 0.883333
15968 16783 0.852459
15968 16939 0.896552
15968 17401 0.870968
15968 17403 0.825397
15969 15815 0.862745
15969 15822 0.870370
15969 15897 0.830189
15969 15939 0.836364
15969 16004 0.888889
15969 16021 0.821429
15969 16023 0.903846
15969 16033 0.870370
15969 16048 0.814815
15969 16050 0.800000
15969 16061 0.886792
15969 16065 0.827586
15969 16067 0.814815
15969 16072 0.833333
15969 16080 0.814815
15969 16082 0.870370
15969 16084 0.814815
15969 16098 0.833333
15969 16107 0.849057
15969 16109 0.830189
15969 16152 0.872727
15969 16154 0.800000
15969 16156 0.849057
15969 16158 0.854545
15969 16163 0.814815
15969 16165 0.821429
15969 16167 0.867925
15969 16170 0.888889
15969 16172 0.886792
15969 16199 0.842105
15969 16201 0.849057
15969 16203 0.807018
15969 16206 0.800000
15969 16210 0.821429
15969 16212 0.849057
15969 16222 0.830189
15969 16234 0.839286
15969 16263 0.867925
15969 16265 0.867925
15969 16267 0.836364
15969 16269 0.851852
15969 16272 0.867925
15969 16274 0.849057
15969 16279 0.903846
15969 16283 0.836364
15969 16285 0.821429
15969 16295 0.888889
15969 16297 0.821429
15969 16316 0.867925
15969 16322 0.833333
15969 16340 0.818182
15969 16346 0.814815
15969 16348 0.849057
15969 16415 0.854545
15969 16420 0.839286
15969 16451 0.870370
15969 16468 0.846154
15969 16477 0.849057
15969 16489 0.854545
15969 16495 0.872727
15969 16499 0.849057
15969 16520 0.888889
15969 16523 0.884615
15969 16736 0.818182
15969 16813 0.823529
15969 16935 0.803571
15969 16938 0.818182
15969 17355 0.814815
15969 17380 0.872727
15969 17382 0.800000
15969 17384 0.849057
15969 17386 0.854545
15969 17391 0.814815
15969 17393 0.821429
15969 17395 0.867925
15969 17398 0.888889
15969 17400 0.886792
15969 17584 0.818182
15970 15802 0.825581
15970 15898 0.822823
15970 15900 0.812317
15970 15909 0.805233
15970 15912 0.864048
15970 15928 0.843844
15970 15947 0.846847
15970 15948 0.817647
15970 15964 0.892308
15970 15995 0.845697
15970 16068 0.881459
15970 16359 0.860182
15970 17340 0.805233
15970 17356 0.881459
15974 15976 0.865385
15976 15974 0.865385
15976 16063 0.826923
15976 16124 0.833333
15979 15806 0.803571
15979 15968 0.816667
15979 16127 0.807018
15979 16805 0.806452
15980 15822 0.800000
15980 15897 0.826923
15980 15933 0.820000
15980 16004 0.818182
15980 16013 0.800000
15980 16033 0.867925
15980 16050 0.830189
15980 16063 0.807692
15980 16072 0.830189
15980 16107 0.811321
15980 16163 0.811321
15980 16201 0.811321
15980 16267 0.833333
15980 16272 0.830189
15980 16274 0.846154
15980 16477 0.811321
15980 16865 0.826923
15980 16938 0.814815
15980 17391 0.811321
15981 16092 0.843137
15981 16107 0.811321
15981 16428 0.814815
15981 16463 0.862745
15982 15806 0.880000
15982 15966 0.807692
15982 15988 0.865385
15982 16019 0.820000
15982 16047 0.849057
15982 16056 0.849057
15982 16062 0.857143
15982 16064 0.836735
15982 16108 0.814815
15982 16127 0.920000
15982 16164 0.816327
15982 16198 0.854167
15982 16211 0.800000
15982 16255 0.800000
15982 16557 0.851064
15982 16930 0.803922
15982 17351 0.849057
15982 17392 0.816327
15982 17445 0.807692
15988 15806 0.903846
15988 15968 0.813559
15988 15982 0.865385
15988 16019 0.811321
15988 16041 0.851852
15988 16047 0.872727
15988 16056 0.872727
15988 16062 0.811321
15988 16108 0.839286
15988 16127 0.905660
15988 16164 0.807692
15988 16198 0.807692
15988 16255 0.824561
15988 16783 0.800000
15988 17351 0.872727
15988 17392 0.807692
15995 15802 0.820809
15995 15814 0.819527
15995 15898 0.839879
15995 15900 0.839763
15995 15909 0.821637
15995 15912 0.836795
15995 15928 0.822485
15995 15947 0.836310
15995 15964 0.825444
15995 15970 0.845697
15995 16068 0.826471
15995 16359 0.827381
15995 17340 0.821637
15995 17356 0.826471
15997 16477 0.810345
15999 16228 0.803571
15999 16256 0.867925
15999 16441 0.865385
16001 17347 1.000000
16004 15822 0.842105
16004 15939 0.842105
16004 15969 0.888889
16004 15980 0.818182
16004 16013 0.810345
16004 16023 0.872727
16004 16033 0.875000
16004 16050 0.807018
16004 16061 0.824561
16004 16067 0.821429
16004 16072 0.807018
16004 16080 0.821429
16004 16082 0.842105
16004 16098 0.807018
16004 16107 0.821429
16004 16124 0.824561
16004 16158 0.827586
16004 16167 0.839286
16004 16170 0.859649
16004 16172 0.857143
16004 16174 0.813559
16004 16199 0.847458
16004 16201 0.854545
16004 16210 0.859649
16004 16228 0.824561
16004 16234 0.844828
16004 16263 0.839286
16004 16265 0.872727
16004 16267 0.909091
16004 16269 0.857143
16004 16272 0.872727
16004 16274 0.854545
16004 16279 0.872727
16004 16283 0.810345
16004 16295 0.859649
16004 16297 0.827586
16004 16316 0.839286
16004 16322 0.807018
16004 16348 0.854545
16004 16415 0.827586
16004 16451 0.842105
16004 16468 0.818182
16004 16477 0.854545
16004 16495 0.844828
16004 16520 0.859649
16004 16523 0.854545
16004 16938 0.857143
16004 17355 0.821429
16004 17386 0.827586
16004 17395 0.839286
16004 17398 0.859649
16004 17400 0.857143
16004 17402 0.813559
16011 15815 0.807692
16011 15822 0.886792
16011 15893 0.811321
16011 15897 0.846154
16011 15939 0.818182
16011 16027 0.810345
16011 16067 0.865385
16011 16072 0.849057
16011 16088 0.865385
16011 16098 0.849057
16011 16109 0.920000
16011 16118 0.823529
16011 16158 0.870370
16011 16161 0.840000
16011 16167 0.814815
16011 16201 0.830189
16011 16203 0.821429
16011 16206 0.884615
16011 16234 0.821429
16011 16265 0.849057
16011 16283 0.818182
16011 16285 0.836364
16011 16295 0.870370
16011 16320 0.800000
16011 16322 0.849057
16011 16334 0.857143
16011 16340 0.833333
16011 16376 0.830189
16011 16385 0.820000
16011 16402 0.800000
16011 16409 0.830189
16011 16415 0.803571
16011 16451 0.818182
16011 16455 0.849057
16011 16495 0.854545
16011 16501 0.803922
16011 16514 0.860000
16011 16520 0.836364
16011 16571 0.849057
16011 16813 0.877551
16011 16816 0.865385
16011 16855 0.846154
16011 16932 0.820000
16011 16933 0.833333
16011 16935 0.886792
16011 16936 0.877551
16011 17355 0.865385
16011 17386 0.870370
16011 17389 0.840000
16011 17395 0.814815
16013 15980 0.800000
16013 16004 0.810345
16013 16033 0.824561
16013 16063 0.800000
16013 16067 0.803571
16013 16124 0.807018
16013 16158 0.810345
16013 16201 0.803571
16013 16228 0.839286
16013 16267 0.857143
16013 16272 0.821429
16013 16274 0.870370
16013 16297 0.810345
16013 16441 0.800000
16013 16523 0.803571
16013 16736 0.807018
16013 17355 0.803571
16013 17386 0.810345
16013 17446 0.810345
16013 17584 0.807018
16016 15822 0.818182
16016 15939 0.818182
16016 16098 0.814815
16016 16109 0.811321
16016 16158 0.836364
16016 16285 0.803571
16016 16295 0.836364
16016 16495 0.821429
16016 16520 0.803571
16016 16933 0.800000
16016 17386 0.836364
16018 15822 0.821429
16018 15939 0.854545
16018 16067 0.833333
16018 16109 0.814815
16018 16158 0.807018
16018 16161 0.807692
16018 16199 0.827586
16018 16201 0.833333
16018 16206 0.818182
16018 16234 0.824561
16018 16265 0.851852
16018 16274 0.800000
16018 16295 0.807018
16018 16297 0.807018
16018 16322 0.851852
16018 16415 0.807018
16018 16477 0.833333
16018 16495 0.824561
16018 16520 0.807018
16018 16932 0.823529
16018 17355 0.833333
16018 17386 0.807018
16018 17389 0.807692
16019 15806 0.860000
16019 15982 0.820000
16019 15988 0.811321
16019 16041 0.843137
16019 16056 0.830189
16019 16062 0.800000
16019 16123 0.812500
16019 16127 0.862745
16019 16198 0.872340
16019 16211 0.816327
16019 16930 0.820000
16019 17351 0.830189
16021 15897 0.803571
16021 15969 0.821429
16021 16023 0.807018
16021 16061 0.857143
16021 16170 0.827586
16021 17398 0.827586
16022 15945 0.815385
16022 15952 0.852459
16022 16054 0.809524
16022 16093 0.803030
16022 16175 0.815385
16022 16286 0.812500
16022 16546 0.838710
16022 16709 0.812500
16022 16783 0.812500
16022 17403 0.815385
16023 15815 0.811321
16023 15822 0.821429
16023 15933 0.807692
16023 15939 0.821429
16023 15969 0.903846
16023 16004 0.872727
16023 16021 0.807018
16023 16029 0.807018
16023 16033 0.854545
16023 16034 0.851852
16023 16048 0.833333
16023 16061 0.905660
16023 16067 0.800000
16023 16072 0.851852
16023 16080 0.867925
16023 16082 0.821429
16023 16084 0.833333
16023 16107 0.867925
16023 16136 0.865385
16023 16152 0.857143
16023 16158 0.807018
16023 16163 0.800000
16023 16165 0.872727
16023 16167 0.851852
16023 16170 0.907407
16023 16172 0.942308
16023 16174 0.824561
16023 16199 0.827586
16023 16201 0.833333
16023 16210 0.839286
16023 16222 0.884615
16023 16234 0.824561
16023 16238 0.839286
16023 16260 0.851852
16023 16263 0.851852
16023 16265 0.851852
16023 16267 0.821429
16023 16269 0.803571
16023 16272 0.886792
16023 16274 0.867925
16023 16279 0.851852
16023 16295 0.839286
16023 16297 0.807018
16023 16316 0.886792
16023 16322 0.818182
16023 16346 0.833333
16023 16348 0.833333
16023 16415 0.807018
16023 16420 0.824561
16023 16451 0.821429
16023 16468 0.865385
16023 16477 0.833333
16023 16489 0.872727
16023 16495 0.824561
16023 16499 0.833333
16023 16520 0.872727
16023 16523 0.800000
16023 16736 0.803571
16023 16938 0.803571
16023 17355 0.800000
16023 17380 0.857143
16023 17386 0.807018
16023 17391 0.800000
16023 17393 0.872727
16023 17395 0.851852
16023 17398 0.907407
16023 17400 0.942308
16023 17402 0.824561
16023 17584 0.803571
16027 15822 0.816667
16027 16011 0.810345
16027 16072 0.813559
16027 16109 0.810345
16027 16158 0.803279
16027 16295 0.833333
16027 16520 0.803279
16027 16935 0.816667
16027 17386 0.803279
16029 16023 0.807018
16029 16033 0.842105
16029 16080 0.854545
16029 16244 0.810345
16029 16267 0.810345
16029 16272 0.807018
16030 16173 0.848485
16030 17401 0.848485
16032 15894 0.813559
16032 16054 0.830508
16033 15822 0.857143
16033 15969 0.870370
16033 15980 0.867925
16033 16004 0.875000
16033 16013 0.824561
16033 16023 0.854545
16033 16029 0.842105
16033 16061 0.807018
16033 16063 0.867925
16033 16067 0.803571
16033 16072 0.821429
16033 16080 0.836364
16033 16082 0.824561
16033 16084 0.803571
16033 16107 0.803571
16033 16124 0.839286
16033 16158 0.842105
16033 16163 0.803571
16033 16167 0.821429
16033 16170 0.842105
16033 16172 0.807018
16033 16199 0.800000
16033 16201 0.836364
16033 16203 0.827586
16033 16210 0.810345
16033 16212 0.803571
16033 16228 0.839286
16033 16256 0.803571
16033 16263 0.821429
16033 16265 0.821429
16033 16267 0.857143
16033 16269 0.839286
16033 16272 0.854545
16033 16274 0.870370
16033 16295 0.875000
16033 16322 0.821429
16033 16340 0.807018
16033 16348 0.803571
16033 16415 0.810345
16033 16441 0.833333
16033 16451 0.824561
16033 16468 0.800000
16033 16477 0.803571
16033 16495 0.827586
16033 16499 0.803571
16033 16520 0.875000
16033 16523 0.836364
16033 16736 0.807018
16033 16938 0.839286
16033 17355 0.803571
16033 17386 0.842105
16033 17391 0.803571
16033 17395 0.821429
16033 17398 0.842105
16033 17400 0.807018
16033 17584 0.807018
16034 16023 0.851852
16034 16061 0.803571
16034 16080 0.867925
16034 16084 0.833333
16034 16107 0.800000
16034 16170 0.807018
16034 16172 0.803571
16034 16174 0.824561
16034 16463 0.849057
16034 17398 0.807018
16034 17400 0.803571
16034 17402 0.824561
16035 17348 1.000000
16036 17349 1.000000
16037 17350 1.000000
16040 15822 0.814815
16040 16067 0.826923
16040 16082 0.814815
16040 16154 0.846154
16040 16158 0.800000
16040 16197 0.826923
16040 16208 0.843137
16040 16265 0.811321
16040 16276 0.862745
16040 16285 0.833333
16040 16295 0.800000
16040 16322 0.811321
16040 16376 0.826923
16040 16408 0.800000
16040 16409 0.900000
16040 16415 0.800000
16040 16455 0.811321
16040 16495 0.818182
16040 16520 0.800000
16040 16876 0.880000
16040 16933 0.865385
16040 16935 0.814815
16040 16936 0.800000
16040 17355 0.826923
16040 17382 0.846154
16040 17386 0.800000
16041 15806 0.830189
16041 15988 0.851852
16041 16019 0.843137
16041 16047 0.836364
16041 16056 0.803571
16041 16108 0.836364
16041 16127 0.867925
16041 16198 0.803922
16041 16872 0.811321
16041 17351 0.803571
16042 15893 0.840000
16042 15897 0.803922
16042 16098 0.807692
16042 16109 0.803922
16042 16161 0.833333
16042 16163 0.823529
16042 16206 0.807692
16042 16334 0.812500
16042 16523 0.823529
16042 16813 0.833333
16042 17389 0.833333
16042 17391 0.823529
16046 16086 0.800000
16046 16226 0.816667
16046 16428 0.824561
16047 15806 0.851852
16047 15968 0.830508
16047 15982 0.849057
16047 15988 0.872727
16047 16041 0.836364
16047 16062 0.830189
16047 16066 0.807018
16047 16108 0.890909
16047 16127 0.888889
16047 16198 0.826923
16047 16255 0.810345
16047 16408 0.811321
16047 16872 0.800000
16047 16930 0.849057
16047 17354 0.807018
16048 15822 0.803571
16048 15969 0.814815
16048 16023 0.833333
16048 16061 0.851852
16048 16072 0.800000
16048 16084 0.849057
16048 16107 0.814815
16048 16158 0.821429
16048 16165 0.821429
16048 16167 0.833333
16048 16170 0.821429
16048 16172 0.851852
16048 16174 0.807018
16048 16238 0.821429
16048 16260 0.800000
16048 16272 0.800000
16048 16274 0.814815
16048 16279 0.800000
16048 16316 0.833333
16048 16346 0.814815
16048 16420 0.807018
16048 16451 0.803571
16048 16468 0.846154
16048 16489 0.854545
16048 16495 0.807018
16048 16824 0.849057
16048 17386 0.821429
16048 17393 0.821429
16048 17395 0.833333
16048 17398 0.821429
16048 17400 0.851852
16048 17402 0.807018
16050 15822 0.854545
16050 15897 0.814815
16050 15939 0.821429
16050 15969 0.800000
16050 15980 0.830189
16050 16004 0.807018
16050 16067 0.867925
16050 16072 0.818182
16050 16082 0.821429
16050 16098 0.818182
16050 16143 0.833333
16050 16158 0.839286
16050 16167 0.818182
16050 16172 0.803571
16050 16201 0.867925
16050 16212 0.800000
16050 16234 0.824561
16050 16265 0.851852
16050 16267 0.821429
16050 16269 0.803571
16050 16274 0.867925
16050 16279 0.818182
16050 16295 0.839286
16050 16297 0.839286
16050 16322 0.818182
16050 16415 0.807018
16050 16451 0.821429
16050 16477 0.867925
16050 16495 0.824561
16050 16520 0.807018
16050 16523 0.867925
16050 16571 0.818182
16050 16736 0.803571
16050 16813 0.807692
16050 16816 0.800000
16050 16938 0.803571
16050 17355 0.867925
16050 17371 0.833333
16050 17386 0.839286
16050 17395 0.818182
16050 17400 0.803571
16050 17584 0.803571
16054 15795 0.827586
16054 15798 0.803279
16054 15896 0.822581
16054 15952 0.847458
16054 15968 0.819672
16054 16022 0.809524
16054 16032 0.830508
16054 16071 0.850000
16054 16286 0.806452
16054 16319 0.836066
16054 16386 0.815385
16054 16452 0.866667
16054 16454 0.842105
16054 16473 0.813559
16054 16546 0.833333
16054 16548 0.838710
16054 16550 0.836066
16054 16698 0.822581
16054 16709 0.866667
16054 16783 0.866667
16054 16810 0.838710
16056 15806 0.818182
16056 15982 0.849057
16056 15988 0.872727
16056 16019 0.830189
16056 16041 0.803571
16056 16127 0.888889
16056 16198 0.826923
16056 16211 0.811321
16056 17351 1.000000
16057 17352 1.000000
16058 17353 1.000000
16061 15822 0.807018
16061 15939 0.807018
16061 15969 0.886792
16061 16004 0.824561
16061 16021 0.857143
16061 16023 0.905660
16061 16033 0.807018
16061 16034 0.803571
16061 16048 0.851852
16061 16072 0.803571
16061 16080 0.818182
16061 16082 0.807018
16061 16084 0.851852
16061 16107 0.818182
16061 16136 0.814815
16061 16152 0.842105
16061 16165 0.857143
16061 16167 0.803571
16061 16170 0.925926
16061 16172 0.888889
16061 16174 0.842105
16061 16222 0.800000
16061 16238 0.824561
16061 16260 0.803571
16061 16263 0.803571
16061 16265 0.803571
16061 16272 0.803571
16061 16279 0.803571
16061 16295 0.824561
16061 16316 0.836364
16061 16322 0.803571
16061 16451 0.807018
16061 16463 0.800000
16061 16468 0.814815
16061 16477 0.818182
16061 16489 0.857143
16061 16495 0.810345
16061 16520 0.824561
16061 17380 0.842105
16061 17393 0.857143
16061 17395 0.803571
16061 17398 0.925926
16061 17400 0.888889
16061 17402 0.842105
16062 15806 0.823529
16062 15966 0.823529
16062 15982 0.857143
16062 15988 0.811321
16062 16019 0.800000
16062 16047 0.830189
16062 16064 0.816327
16062 16123 0.891304
16062 16127 0.862745
16062 16164 0.833333
16062 16198 0.913043
16062 16211 0.854167
16062 16557 0.869565
16062 16793 0.851064
16062 16930 0.936170
16062 17392 0.833333
16062 17445 0.823529
16063 15822 0.800000
16063 15976 0.826923
16063 15980 0.807692
16063 16013 0.800000
16063 16033 0.867925
16063 16080 0.811321
16063 16124 0.849057
16063 16201 0.811321
16063 16228 0.814815
16063 16256 0.811321
16063 16267 0.800000
16063 16269 0.814815
16063 16274 0.811321
16063 16441 0.843137
16064 15966 0.840000
16064 15982 0.836735
16064 16062 0.816327
16064 16127 0.807692
16064 16164 0.891304
16064 16198 0.851064
16064 16211 0.872340
16064 16557 0.847826
16064 16793 0.829787
16064 16930 0.800000
16064 17392 0.891304
16064 17445 0.877551
16065 15822 0.847458
16065 15897 0.810345
16065 15939 0.816667
16065 15969 0.827586
16065 16072 0.844828
16065 16098 0.813559
16065 16109 0.810345
16065 16152 0.819672
16065 16158 0.864407
16065 16165 0.803279
16065 16167 0.844828
16065 16203 0.819672
16065 16234 0.819672
16065 16285 0.803279
16065 16295 0.864407
16065 16340 0.800000
16065 16346 0.827586
16065 16415 0.803279
16065 16420 0.819672
16065 16489 0.833333
16065 16495 0.850000
16065 16520 0.833333
16065 17380 0.819672
16065 17386 0.864407
16065 17393 0.803279
16065 17395 0.844828
16066 16047 0.807018
16066 17354 1.000000
16067 15815 0.826923
16067 15822 0.942308
16067 15897 0.830189
16067 15939 0.905660
16067 15969 0.814815
16067 16004 0.821429
16067 16011 0.865385
16067 16013 0.803571
16067 16018 0.833333
16067 16023 0.800000
16067 16033 0.803571
16067 16040 0.826923
16067 16050 0.867925
16067 16072 0.903846
16067 16082 0.870370
16067 16088 0.814815
16067 16098 0.903846
16067 16107 0.814815
