17019 15554 1.000000
17020 15555 1.000000
17037 8454 1.000000
17048 2981 0.820895
17064 17065 1.000000
17065 17064 1.000000
17148 10338 0.833333
17169 11319 1.000000
17169 14929 1.000000
17172 11331 1.000000
17172 14934 1.000000
17173 10422 1.000000
17174 17182 0.869565
17174 17267 0.893939
17182 17174 0.869565
17182 17267 0.882353
17203 6582 1.000000
17203 8590 1.000000
17203 10707 1.000000
17205 11389 1.000000
17205 14964 1.000000
17214 15009 1.000000
17215 15010 1.000000
17228 15027 1.000000
17233 10518 1.000000
17234 15034 1.000000
17235 15035 1.000000
17236 15036 1.000000
17237 8276 0.800000
17237 8429 0.814815
17237 10500 0.892857
17237 10519 1.000000
17237 10562 0.827586
17238 10520 1.000000
17239 10521 1.000000
17240 8419 0.843750
17240 10495 0.818182
17240 10502 0.806452
17240 10522 1.000000
17241 10523 1.000000
17243 10524 1.000000
17244 10525 1.000000
17245 15048 1.000000
17246 9974 0.800000
17247 15049 1.000000
17248 15050 1.000000
17249 15051 1.000000
17250 15052 1.000000
17251 15053 1.000000
17252 15054 1.000000
17267 17174 0.893939
17267 17182 0.882353
17268 15065 0.833333
17269 15436 0.802326
17269 15509 0.822275
17269 15520 0.847500
17269 17301 0.802326
17277 15096 1.000000
17291 15426 1.000000
17292 15427 1.000000
17293 15428 1.000000
17294 15429 1.000000
17295 15430 1.000000
17296 15431 1.000000
17297 15432 1.000000
17298 15433 1.000000
17299 15434 1.000000
17300 15435 1.000000
17301 15436 1.000000
17301 15468 0.801843
17301 17269 0.802326
17302 15437 1.000000
17303 15438 1.000000
17304 15439 1.000000
17305 15440 1.000000
17306 15441 1.000000
17307 15442 1.000000
17308 15443 1.000000
17309 15444 1.000000
17310 15445 1.000000
17327 11030 0.819149
17327 11159 0.855670
17327 11240 0.833333
17327 18174 0.821053
17327 18248 0.855670
17327 18323 0.833333
17328 15599 1.000000
17329 15600 1.000000
17330 15601 1.000000
17331 15770 1.000000
17332 15844 1.000000
17333 15845 1.000000
17334 15846 1.000000
17335 15847 1.000000
17336 15848 1.000000
17337 15903 1.000000
17338 15904 1.000000
17339 15905 1.000000
17340 15802 0.855457
17340 15814 0.843844
17340 15898 0.848024
17340 15900 0.898773
17340 15909 1.000000
17340 15912 0.878419
17340 15918 0.881098
17340 15920 0.836795
17340 15928 0.875000
17340 15947 0.838806
17340 15970 0.805233
17340 15995 0.821637
17340 16270 0.822485
17340 16359 0.829851
17341 15910 1.000000
17342 15911 1.000000
17343 15900 0.825959
17343 15912 0.867069
17343 15922 0.990446
17343 15928 0.819527
17343 15947 0.855422
17343 15948 0.910494
17343 16068 0.823529
17343 16359 0.824405
17343 17356 0.823529
17344 15923 1.000000
17345 15924 1.000000
17347 16001 1.000000
17348 16035 1.000000
17349 16036 1.000000
17350 16037 1.000000
17351 15806 0.818182
17351 15982 0.849057
17351 15988 0.872727
17351 16019 0.830189
17351 16041 0.803571
17351 16056 1.000000
17351 16127 0.888889
17351 16198 0.826923
17351 16211 0.811321
17352 16057 1.000000
17353 16058 1.000000
17354 16047 0.807018
17354 16066 1.000000
17355 15815 0.826923
17355 15822 0.942308
17355 15897 0.830189
17355 15939 0.905660
17355 15969 0.814815
17355 16004 0.821429
17355 16011 0.865385
17355 16013 0.803571
17355 16018 0.833333
17355 16023 0.800000
17355 16033 0.803571
17355 16040 0.826923
17355 16050 0.867925
17355 16067 1.000000
17355 16072 0.903846
17355 16082 0.870370
17355 16088 0.814815
17355 16098 0.903846
17355 16107 0.814815
17355 16109 0.901961
17355 16120 0.807018
17355 16154 0.833333
17355 16158 0.924528
17355 16161 0.860000
17355 16165 0.821429
17355 16167 0.903846
17355 16172 0.818182
17355 16197 0.849057
17355 16199 0.842105
17355 16201 0.921569
17355 16203 0.872727
17355 16206 0.867925
17355 16210 0.821429
17355 16212 0.814815
17355 16226 0.810345
17355 16232 0.830189
17355 16234 0.907407
17355 16263 0.833333
17355 16265 0.941176
17355 16267 0.836364
17355 16269 0.818182
17355 16272 0.800000
17355 16274 0.884615
17355 16276 0.814815
17355 16279 0.833333
17355 16283 0.836364
17355 16285 0.854545
17355 16295 0.924528
17355 16297 0.888889
17355 16316 0.800000
17355 16320 0.818182
17355 16322 0.903846
17355 16334 0.803922
17355 16340 0.851852
17355 16346 0.849057
17355 16376 0.849057
17355 16409 0.884615
17355 16415 0.854545
17355 16420 0.807018
17355 16451 0.870370
17355 16455 0.833333
17355 16468 0.811321
17355 16477 0.884615
17355 16489 0.821429
17355 16495 0.907407
17355 16514 0.807692
17355 16520 0.888889
17355 16523 0.884615
17355 16571 0.833333
17355 16736 0.818182
17355 16756 0.814815
17355 16765 0.827586
17355 16770 0.843137
17355 16813 0.860000
17355 16816 0.814815
17355 16932 0.840000
17355 16933 0.886792
17355 16935 0.905660
17355 16936 0.823529
17355 16938 0.818182
17355 17382 0.833333
17355 17386 0.924528
17355 17389 0.860000
17355 17393 0.821429
17355 17395 0.903846
17355 17400 0.818182
17355 17584 0.818182
17356 15900 0.809384
17356 15912 0.817109
17356 15922 0.816327
17356 15928 0.802941
17356 15947 0.838323
17356 15948 0.852853
17356 15964 0.843844
17356 15970 0.881459
17356 15995 0.826471
17356 16068 1.000000
17356 16270 0.811209
17356 16359 0.845921
17356 17343 0.823529
17357 16069 1.000000
17358 16077 1.000000
17360 16079 1.000000
17361 16103 1.000000
17362 16104 1.000000
17364 16117 1.000000
17364 16193 0.820856
17364 16397 0.851064
17364 16779 0.857143
17364 16920 0.830239
17364 17421 0.820856
17364 17789 0.830239
17365 16128 1.000000
17366 16129 1.000000
17367 16139 1.000000
17368 16140 1.000000
17369 16141 1.000000
17370 16142 1.000000
17371 15893 0.830189
17371 15897 0.830189
17371 15933 0.823529
17371 16050 0.833333
17371 16143 1.000000
17371 16206 0.800000
17371 16334 0.803922
17371 16932 0.803922
17372 16144 1.000000
17372 16557 0.800000
17373 16145 1.000000
17374 15933 0.847826
17374 16146 1.000000
17374 16472 0.840909
17375 16147 1.000000
17375 16151 0.811927
17375 17379 0.811927
17376 16148 1.000000
17377 16149 1.000000
17378 16150 1.000000
17379 16147 0.811927
17379 16151 1.000000
17379 17375 0.811927
17380 15815 0.851852
17380 15822 0.827586
17380 15897 0.821429
17380 15969 0.872727
17380 16023 0.857143
17380 16061 0.842105
17380 16065 0.819672
17380 16072 0.857143
17380 16094 0.803279
17380 16098 0.824561
17380 16107 0.872727
17380 16109 0.821429
17380 16136 0.803571
17380 16152 1.000000
17380 16156 0.872727
17380 16158 0.813559
17380 16165 0.844828
17380 16167 0.824561
17380 16170 0.877193
17380 16172 0.842105
17380 16199 0.803279
17380 16212 0.807018
17380 16222 0.821429
17380 16234 0.800000
17380 16238 0.813559
17380 16295 0.844828
17380 16340 0.810345
17380 16346 0.807018
17380 16420 0.830508
17380 16489 0.877193
17380 16495 0.830508
17380 16499 0.807018
17380 16520 0.844828
17380 17384 0.872727
17380 17386 0.813559
17380 17393 0.844828
17380 17395 0.824561
17380 17398 0.877193
17380 17400 0.842105
17381 16153 1.000000
17382 15815 0.811321
17382 15822 0.821429
17382 15939 0.821429
17382 15969 0.800000
17382 16040 0.846154
17382 16067 0.833333
17382 16082 0.821429
17382 16098 0.818182
17382 16109 0.814815
17382 16154 1.000000
17382 16158 0.839286
17382 16197 0.833333
17382 16201 0.800000
17382 16203 0.824561
17382 16234 0.857143
17382 16265 0.818182
17382 16269 0.803571
17382 16274 0.800000
17382 16276 0.800000
17382 16279 0.818182
17382 16285 0.807018
17382 16295 0.807018
17382 16297 0.839286
17382 16320 0.803571
17382 16322 0.818182
17382 16376 0.833333
17382 16409 0.867925
17382 16415 0.872727
17382 16455 0.818182
17382 16489 0.807018
17382 16495 0.857143
17382 16520 0.807018
17382 16523 0.833333
17382 16543 0.836364
17382 16736 0.836364
17382 16813 0.807692
17382 16876 0.849057
17382 16933 0.836364
17382 17355 0.833333
17382 17386 0.839286
17382 17584 0.836364
17383 15914 0.825000
17383 16155 1.000000
17384 15822 0.836364
17384 15897 0.830189
17384 15939 0.803571
17384 15969 0.849057
17384 16072 0.833333
17384 16082 0.803571
17384 16098 0.833333
17384 16109 0.830189
17384 16152 0.872727
17384 16156 1.000000
17384 16158 0.821429
17384 16167 0.800000
17384 16199 0.810345
17384 16206 0.800000
17384 16212 0.814815
17384 16234 0.807018
17384 16265 0.800000
17384 16283 0.803571
17384 16285 0.854545
17384 16295 0.854545
17384 16322 0.800000
17384 16340 0.818182
17384 16409 0.814815
17384 16495 0.839286
17384 16520 0.854545
17384 16935 0.836364
17384 17380 0.872727
17384 17386 0.821429
17384 17395 0.800000
17385 16157 1.000000
17386 15815 0.833333
17386 15822 0.981132
17386 15893 0.803571
17386 15897 0.870370
17386 15939 0.909091
17386 15951 0.814815
17386 15969 0.854545
17386 16004 0.827586
17386 16011 0.870370
17386 16013 0.810345
17386 16016 0.836364
17386 16018 0.807018
17386 16023 0.807018
17386 16027 0.803279
17386 16033 0.842105
17386 16040 0.800000
17386 16048 0.821429
17386 16050 0.839286
17386 16065 0.864407
17386 16067 0.924528
17386 16072 0.907407
17386 16082 0.875000
17386 16088 0.821429
17386 16098 0.907407
17386 16107 0.821429
17386 16109 0.905660
17386 16118 0.814815
17386 16152 0.813559
17386 16154 0.839286
17386 16156 0.821429
17386 16158 1.000000
17386 16161 0.830189
17386 16165 0.859649
17386 16167 0.943396
17386 16172 0.824561
17386 16197 0.888889
17386 16199 0.879310
17386 16201 0.924528
17386 16203 0.945455
17386 16206 0.872727
17386 16210 0.827586
17386 16212 0.854545
17386 16220 0.813559
17386 16226 0.879310
17386 16228 0.824561
17386 16232 0.836364
17386 16234 0.945455
17386 16238 0.827586
17386 16263 0.872727
17386 16265 0.907407
17386 16267 0.875000
17386 16269 0.857143
17386 16272 0.839286
17386 16274 0.924528
17386 16279 0.872727
17386 16283 0.875000
17386 16285 0.927273
17386 16295 0.962963
17386 16297 0.892857
17386 16316 0.839286
17386 16320 0.824561
17386 16322 0.907407
17386 16334 0.811321
17386 16340 0.890909
17386 16346 0.888889
17386 16376 0.888889
17386 16409 0.888889
17386 16415 0.927273
17386 16420 0.844828
17386 16441 0.818182
17386 16451 0.909091
17386 16453 0.803571
17386 16455 0.839286
17386 16468 0.851852
17386 16477 0.888889
17386 16489 0.892857
17386 16495 0.981481
17386 16499 0.821429
17386 16514 0.814815
17386 16520 0.927273
17386 16523 0.888889
17386 16571 0.872727
17386 16736 0.857143
17386 16756 0.821429
17386 16765 0.864407
17386 16770 0.814815
17386 16813 0.830189
17386 16816 0.821429
17386 16876 0.836364
17386 16932 0.811321
17386 16933 0.890909
17386 16935 0.909091
17386 16936 0.830189
17386 16938 0.824561
17386 17355 0.924528
17386 17380 0.813559
17386 17382 0.839286
17386 17384 0.821429
17386 17389 0.830189
17386 17393 0.859649
17386 17395 0.943396
17386 17400 0.824561
17386 17584 0.857143
17387 16159 1.000000
17388 16160 1.000000
17389 15815 0.800000
17389 15822 0.846154
17389 15893 0.803922
17389 15895 0.822222
17389 15897 0.877551
17389 15939 0.811321
17389 16011 0.840000
17389 16018 0.807692
17389 16042 0.833333
17389 16067 0.860000
17389 16070 0.800000
17389 16072 0.807692
17389 16086 0.800000
17389 16098 0.880000
17389 16109 0.916667
17389 16118 0.893617
17389 16130 0.803922
17389 16158 0.830189
17389 16161 1.000000
17389 16203 0.814815
17389 16206 0.843137
17389 16212 0.823529
17389 16265 0.807692
17389 16295 0.830189
17389 16320 0.826923
17389 16322 0.843137
17389 16334 0.891304
17389 16336 0.800000
17389 16340 0.862745
17389 16439 0.844444
17389 16453 0.877551
17389 16455 0.807692
17389 16495 0.814815
17389 16501 0.872340
17389 16512 0.844444
17389 16514 0.816327
17389 16518 0.804348
17389 16523 0.823529
17389 16571 0.807692
17389 16813 0.872340
17389 16814 0.833333
17389 16816 0.823529
17389 16924 0.800000
17389 16932 0.891304
17389 16935 0.811321
17389 16936 0.833333
17389 17355 0.860000
17389 17386 0.830189
17390 16162 1.000000
17391 15822 0.803571
17391 15893 0.830189
17391 15897 0.865385
17391 15933 0.823529
17391 15969 0.814815
17391 15980 0.811321
17391 16023 0.800000
17391 16033 0.803571
17391 16042 0.823529
17391 16072 0.833333
17391 16098 0.800000
17391 16107 0.814815
17391 16109 0.830189
17391 16163 1.000000
17391 16206 0.833333
17391 16274 0.814815
17391 16523 0.814815
17391 16813 0.823529
17391 16816 0.814815
17391 16865 0.830189
17392 15806 0.820000
17392 15966 0.857143
17392 15982 0.816327
17392 15988 0.807692
17392 16062 0.833333
17392 16064 0.891304
17392 16123 0.847826
17392 16164 1.000000
17392 16198 0.869565
17392 16211 0.891304
17392 16557 0.826087
17392 16793 0.888889
17392 16930 0.816327
17392 17445 0.857143
17393 15815 0.800000
17393 15822 0.842105
17393 15897 0.803571
17393 15939 0.875000
17393 15969 0.821429
17393 16023 0.872727
17393 16048 0.821429
17393 16061 0.857143
17393 16065 0.803279
17393 16067 0.821429
17393 16072 0.872727
17393 16094 0.816667
17393 16107 0.854545
17393 16136 0.851852
17393 16152 0.844828
17393 16158 0.859649
17393 16165 1.000000
17393 16167 0.907407
17393 16170 0.859649
17393 16172 0.890909
17393 16199 0.816667
17393 16201 0.821429
17393 16203 0.813559
17393 16222 0.836364
17393 16232 0.836364
17393 16234 0.877193
17393 16238 0.892857
17393 16260 0.807018
17393 16263 0.807018
17393 16265 0.839286
17393 16267 0.810345
17393 16272 0.839286
17393 16274 0.821429
17393 16279 0.839286
17393 16285 0.827586
17393 16295 0.827586
17393 16297 0.827586
17393 16316 0.872727
17393 16322 0.839286
17393 16346 0.888889
17393 16348 0.821429
17393 16415 0.827586
17393 16420 0.844828
17393 16451 0.810345
17393 16468 0.851852
17393 16477 0.854545
17393 16489 0.927273
17393 16495 0.877193
17393 16499 0.821429
17393 16520 0.827586
17393 16543 0.824561
17393 17355 0.821429
17393 17380 0.844828
17393 17386 0.859649
17393 17395 0.907407
17393 17398 0.859649
17393 17400 0.890909
17394 16166 1.000000
17395 15815 0.846154
17395 15822 0.924528
17395 15897 0.849057
17395 15939 0.888889
17395 15969 0.867925
17395 16004 0.839286
17395 16011 0.814815
17395 16023 0.851852
17395 16033 0.821429
17395 16048 0.833333
17395 16050 0.818182
17395 16061 0.803571
17395 16065 0.844828
17395 16067 0.903846
17395 16072 0.923077
17395 16080 0.800000
17395 16082 0.821429
17395 16084 0.800000
17395 16088 0.800000
17395 16098 0.851852
17395 16107 0.867925
17395 16109 0.849057
17395 16152 0.824561
17395 16156 0.800000
17395 16158 0.943396
17395 16165 0.907407
17395 16167 1.000000
17395 16170 0.807018
17395 16172 0.870370
17395 16197 0.867925
17395 16199 0.859649
17395 16201 0.903846
17395 16203 0.890909
17395 16206 0.851852
17395 16210 0.839286
17395 16212 0.800000
17395 16222 0.814815
17395 16226 0.827586
17395 16232 0.884615
17395 16234 0.925926
17395 16238 0.872727
17395 16263 0.851852
17395 16265 0.886792
17395 16267 0.854545
17395 16269 0.803571
17395 16272 0.886792
17395 16274 0.903846
17395 16279 0.886792
17395 16283 0.821429
17395 16285 0.872727
17395 16295 0.907407
17395 16297 0.872727
17395 16316 0.886792
17395 16322 0.851852
17395 16340 0.836364
17395 16346 0.941176
17395 16348 0.833333
17395 16376 0.833333
17395 16409 0.833333
17395 16415 0.872727
17395 16420 0.857143
17395 16451 0.888889
17395 16468 0.901961
17395 16477 0.903846
17395 16489 0.907407
17395 16495 0.925926
17395 16499 0.833333
17395 16520 0.872727
17395 16523 0.833333
17395 16543 0.836364
17395 16571 0.818182
17395 16736 0.803571
17395 16756 0.800000
17395 16765 0.844828
17395 16770 0.826923
17395 16933 0.836364
17395 16935 0.854545
17395 16938 0.803571
17395 17355 0.903846
17395 17380 0.824561
17395 17384 0.800000
17395 17386 0.943396
17395 17393 0.907407
17395 17398 0.807018
17395 17400 0.870370
17395 17584 0.803571
17396 16168 1.000000
17397 16169 1.000000
17398 15815 0.800000
17398 15822 0.810345
17398 15939 0.810345
17398 15969 0.888889
17398 16004 0.859649
17398 16021 0.827586
17398 16023 0.907407
17398 16033 0.842105
17398 16034 0.807018
17398 16048 0.821429
17398 16061 0.925926
17398 16072 0.807018
17398 16080 0.821429
17398 16082 0.810345
17398 16084 0.821429
17398 16107 0.821429
17398 16136 0.851852
17398 16152 0.877193
17398 16165 0.859649
17398 16167 0.807018
17398 16170 1.000000
17398 16172 0.890909
17398 16174 0.813559
17398 16222 0.803571
17398 16263 0.807018
17398 16265 0.807018
17398 16267 0.810345
17398 16269 0.824561
17398 16272 0.807018
17398 16279 0.807018
17398 16295 0.827586
17398 16316 0.839286
17398 16322 0.807018
17398 16348 0.821429
17398 16420 0.813559
17398 16451 0.810345
17398 16468 0.818182
17398 16477 0.821429
17398 16489 0.859649
17398 16495 0.813559
17398 16499 0.821429
17398 16520 0.827586
17398 16865 0.803571
17398 17380 0.877193
17398 17393 0.859649
17398 17395 0.807018
17398 17400 0.890909
17398 17402 0.813559
17399 16171 1.000000
17400 15815 0.830189
17400 15822 0.839286
17400 15939 0.807018
17400 15969 0.886792
17400 16004 0.857143
17400 16023 0.942308
17400 16033 0.807018
17400 16034 0.803571
17400 16048 0.851852
17400 16050 0.803571
17400 16061 0.888889
17400 16067 0.818182
17400 16072 0.870370
17400 16080 0.818182
17400 16082 0.807018
17400 16084 0.851852
17400 16094 0.813559
17400 16107 0.886792
17400 16136 0.849057
17400 16152 0.842105
17400 16158 0.824561
17400 16165 0.890909
17400 16167 0.870370
17400 16170 0.890909
17400 16172 1.000000
17400 16174 0.842105
17400 16199 0.813559
17400 16201 0.851852
17400 16203 0.810345
17400 16210 0.824561
17400 16222 0.867925
17400 16232 0.800000
17400 16234 0.875000
17400 16238 0.890909
17400 16260 0.836364
17400 16263 0.836364
17400 16265 0.870370
17400 16267 0.839286
17400 16269 0.821429
17400 16272 0.870370
17400 16274 0.851852
17400 16279 0.870370
17400 16295 0.824561
17400 16297 0.824561
17400 16316 0.905660
17400 16322 0.803571
17400 16346 0.851852
17400 16348 0.851852
17400 16415 0.824561
17400 16420 0.875000
17400 16451 0.839286
17400 16463 0.800000
17400 16468 0.884615
17400 16477 0.851852
17400 16489 0.890909
17400 16495 0.842105
17400 16499 0.818182
17400 16520 0.824561
17400 16523 0.818182
17400 16543 0.821429
17400 16770 0.811321
17400 17355 0.818182
17400 17380 0.842105
17400 17386 0.824561
17400 17393 0.890909
17400 17395 0.870370
17400 17398 0.890909
17400 17402 0.842105
17401 15968 0.870968
17401 16030 0.848485
17401 16173 1.000000
17401 16233 0.830769
17401 16709 0.800000
17401 16939 0.809524
17402 16004 0.813559
17402 16023 0.824561
17402 16034 0.824561
17402 16048 0.807018
17402 16061 0.842105
17402 16080 0.839286
17402 16084 0.872727
17402 16107 0.839286
17402 16170 0.813559
17402 16172 0.842105
17402 16174 1.000000
17402 16210 0.813559
17402 16238 0.813559
17402 16244 0.827586
17402 16316 0.824561
17402 16348 0.807018
17402 16468 0.803571
17402 16477 0.807018
17402 17398 0.813559
17402 17400 0.842105
17403 15952 0.822581
17403 15968 0.825397
17403 16022 0.815385
17403 16175 1.000000
17403 16572 0.828125
17403 16709 0.812500
17403 16783 0.812500
17404 16176 1.000000
17405 16177 1.000000
17421 16117 0.820856
17421 16193 1.000000
17421 16397 0.821809
17421 16594 0.815508
17421 16649 0.805851
17421 16734 0.808000
17421 16779 0.832432
17421 16920 0.845109
17421 17364 0.820856
17421 17487 0.815508
17421 17789 0.845109
17422 16194 1.000000
17423 16204 1.000000
17424 16205 1.000000
17425 16224 1.000000
17426 16225 1.000000
17427 16236 1.000000
17428 16237 1.000000
17429 15870 0.826316
17429 16249 1.000000
17429 16331 0.806366
17429 16906 0.811170
17429 17775 0.811170
17433 16253 1.000000
17434 16281 1.000000
17435 16293 1.000000
17436 16303 1.000000
17437 16308 1.000000
17438 16309 1.000000
17439 16310 1.000000
17440 16311 1.000000
17445 15966 0.811321
17445 15982 0.807692
17445 16062 0.823529
17445 16064 0.877551
17445 16123 0.800000
17445 16127 0.814815
17445 16164 0.857143
17445 16198 0.857143
17445 16211 0.840000
17445 16557 0.816327
17445 16793 0.836735
17445 16930 0.807692
17445 17392 0.857143
17446 16013 0.810345
17446 16274 0.821429
17456 16314 1.000000
17457 16315 1.000000
17458 16339 1.000000
17459 16360 1.000000
17460 16361 1.000000
17461 16373 1.000000
17462 16374 1.000000
17463 16375 1.000000
17464 16417 1.000000
17466 16419 1.000000
17467 16384 0.813648
17467 16399 0.863388
17467 16423 1.000000
17467 16438 0.832891
17467 16464 0.833780
17467 16528 0.821809
17468 16424 1.000000
17469 16425 1.000000
17470 16436 1.000000
17471 16437 1.000000
17487 16193 0.815508
17487 16397 0.831135
17487 16594 1.000000
17487 16649 0.820106
17487 16779 0.846774
17487 16920 0.824934
17487 17421 0.815508
17487 17789 0.824934
17488 16603 1.000000
17489 16614 1.000000
17490 16615 1.000000
17491 16616 1.000000
17584 15822 0.839286
17584 15939 0.807018
17584 15969 0.818182
17584 16013 0.807018
17584 16023 0.803571
17584 16033 0.807018
17584 16050 0.803571
17584 16067 0.818182
17584 16082 0.907407
17584 16098 0.803571
17584 16154 0.836364
17584 16158 0.857143
17584 16167 0.803571
17584 16199 0.813559
17584 16201 0.818182
17584 16203 0.810345
17584 16228 0.888889
17584 16234 0.842105
17584 16263 0.836364
17584 16265 0.836364
17584 16267 0.839286
17584 16269 0.854545
17584 16272 0.836364
17584 16274 0.886792
17584 16279 0.836364
17584 16285 0.824561
17584 16295 0.824561
17584 16297 0.857143
17584 16316 0.803571
17584 16322 0.836364
17584 16409 0.818182
17584 16415 0.857143
17584 16451 0.807018
17584 16489 0.824561
17584 16495 0.875000
17584 16520 0.857143
17584 16523 0.851852
17584 16736 1.000000
17584 17355 0.818182
17584 17382 0.836364
17584 17386 0.857143
17584 17395 0.803571
17585 16737 1.000000
17587 16738 1.000000
17595 16746 1.000000
17632 16787 1.000000
17633 16788 1.000000
17634 16789 1.000000
17635 16790 1.000000
17775 15870 0.813158
17775 16249 0.811170
17775 16906 1.000000
17775 17429 0.811170
17789 16117 0.830239
17789 16193 0.845109
17789 16594 0.824934
17789 16649 0.844504
17789 16696 0.801587
17789 16734 0.807895
17789 16779 0.827128
17789 16920 1.000000
17789 17364 0.830239
17789 17421 0.845109
17789 17487 0.824934
17917 7634 0.860465
17917 17919 0.813187
17919 7634 0.850575
17919 17917 0.813187
17955 10328 1.000000
17956 10329 1.000000
17970 11175 0.808219
17970 18264 0.808219
17974 17981 0.833333
17979 10983 0.847826
17981 17974 0.833333
17983 11108 0.815217
17983 18201 0.815217
18009 11108 0.814433
18009 11112 0.806122
18009 11181 0.810000
18009 18124 0.829787
18009 18201 0.814433
18009 18205 0.806122
18015 18073 0.808081
18022 18063 0.891304
18023 11090 0.819820
18023 18183 0.819820
18026 11095 0.840426
18026 11112 0.819149
18026 18141 0.827957
18026 18150 0.860215
18026 18188 0.840426
18026 18205 0.819149
18035 18043 0.823529
18035 18050 0.896907
18035 18057 0.858586
18035 18059 0.819048
18043 18035 0.823529
18043 18050 0.841584
18043 18057 0.841584
18043 18059 0.803738
18050 18035 0.896907
18050 18043 0.841584
18050 18057 0.916667
18050 18059 0.854369
18050 18069 0.825243
18051 10461 1.000000
18052 10462 1.000000
18057 18035 0.858586
18057 18043 0.841584
18057 18050 0.916667
18057 18059 0.836538
18057 18069 0.807692
18059 18035 0.819048
18059 18043 0.803738
18059 18050 0.854369
18059 18057 0.836538
18063 18022 0.891304
18065 8461 1.000000
18069 18050 0.825243
18069 18057 0.807692
18073 18015 0.808081
18104 8092 0.891892
18104 13414 0.891892
18111 6028 0.815385
18111 11143 0.800000
18111 18113 0.830769
18111 18232 0.800000
18113 9835 0.826087
18113 18111 0.830769
18124 11155 0.825581
18124 18009 0.829787
18124 18244 0.825581
18133 11072 0.952073
18134 11073 0.918182
18140 11076 1.000000
18141 11112 0.857143
18141 11181 0.821053
18141 18026 0.827957
18141 18150 0.819149
18141 18205 0.857143
18150 18026 0.860215
18150 18141 0.819149
18174 11030 0.804348
18174 11159 0.822917
18174 11240 0.800000
18174 17327 0.821053
18174 18248 0.822917
18174 18323 0.800000
18174 18607 0.821053
18176 11084 1.000000
18177 11085 1.000000
18179 11086 1.000000
18180 11087 1.000000
18181 11088 1.000000
18182 11089 1.000000
18182 11108 0.829787
18182 11112 0.802083
18182 18201 0.829787
18182 18205 0.802083
18183 11090 1.000000
18183 18023 0.819820
18184 11091 1.000000
18185 11092 1.000000
18186 11093 1.000000
18187 11094 1.000000
18188 11095 1.000000
18188 18026 0.840426
18189 11096 1.000000
18190 11097 1.000000
18191 11098 1.000000
18192 11099 1.000000
18193 11100 1.000000
18194 11101 1.000000
18195 11102 1.000000
18196 11103 1.000000
18197 11104 1.000000
18198 11105 1.000000
18199 11106 1.000000
18200 11107 1.000000
18201 11089 0.829787
18201 11108 1.000000
18201 11129 0.853933
18201 11167 0.819149
18201 17983 0.815217
18201 18009 0.814433
18201 18182 0.829787
18201 18222 0.853933
18201 18256 0.819149
18202 11109 1.000000
18203 11110 1.000000
18204 11111 1.000000
18205 11089 0.802083
18205 11112 1.000000
18205 11181 0.812500
18205 11185 0.802083
18205 18009 0.806122
18205 18026 0.819149
18205 18141 0.857143
18205 18182 0.802083
18205 18274 0.802083
18206 11113 1.000000
18207 11114 1.000000
18208 11115 1.000000
18209 11116 1.000000
18210 11117 1.000000
18211 11118 1.000000
18212 11119 1.000000
18213 11120 1.000000
18214 11121 1.000000
18215 11122 1.000000
18216 11123 1.000000
18217 11124 1.000000
18218 11125 1.000000
18219 11126 1.000000
18220 11127 1.000000
18221 11128 1.000000
18222 11108 0.853933
18222 11129 1.000000
18222 18201 0.853933
18223 11130 1.000000
18224 11133 1.000000
18226 11136 1.000000
18227 11137 1.000000
18228 11138 1.000000
18229 11139 1.000000
18230 11141 1.000000
18231 11142 1.000000
18232 11143 1.000000
18232 18111 0.800000
18233 11144 1.000000
18234 11145 1.000000
18235 11146 1.000000
18236 9901 0.844156
18236 11147 1.000000
18237 11148 1.000000
18237 11170 0.890625
18237 18259 0.890625
18238 11149 1.000000
18239 11150 1.000000
18240 11151 1.000000
18241 11152 1.000000
18242 11153 1.000000
18243 11154 1.000000
18244 11155 1.000000
18244 18124 0.825581
18245 11156 1.000000
18246 11157 1.000000
18247 11158 1.000000
18248 11030 0.802083
18248 11159 1.000000
18248 11240 0.816327
18248 17327 0.855670
18248 18174 0.822917
18248 18323 0.816327
18248 18607 0.800000
18249 11160 1.000000
18250 11161 1.000000
18250 11176 0.890909
18250 18265 0.890909
18251 11162 1.000000
18252 11163 1.000000
18253 11164 1.000000
18254 11165 1.000000
18255 11166 1.000000
18256 11108 0.819149
18256 11167 1.000000
18256 18201 0.819149
18257 9901 0.841463
18257 11168 1.000000
18258 11169 1.000000
18259 11148 0.890625
18259 11170 1.000000
18259 18237 0.890625
18260 11171 1.000000
18261 11172 1.000000
18262 11173 1.000000
18263 11174 1.000000
18264 11175 1.000000
18264 17970 0.808219
18265 11161 0.890909
18265 11176 1.000000
18265 18250 0.890909
18266 11177 1.000000
18267 11178 1.000000
18268 11179 1.000000
18269 11180 1.000000
18274 11112 0.802083
18274 11185 1.000000
18274 18205 0.802083
18275 11186 1.000000
18276 11187 1.000000
18278 11190 1.000000
18279 11191 1.000000
18280 11192 1.000000
18281 11193 1.000000
18282 11195 1.000000
18283 11196 1.000000
18284 11197 1.000000
18285 11198 1.000000
18286 11199 1.000000
18287 11200 1.000000
18288 11201 1.000000
18289 11202 1.000000
18290 11203 1.000000
18291 11204 1.000000
18292 11205 1.000000
18293 11206 1.000000
18294 11207 1.000000
18295 11208 1.000000
18296 11209 1.000000
18297 11210 1.000000
18298 11211 1.000000
18299 11212 1.000000
18300 11214 1.000000
18301 11215 1.000000
18302 11216 1.000000
18303 11217 1.000000
18304 11220 1.000000
18305 11221 1.000000
18306 11223 1.000000
18307 11224 1.000000
18308 11225 1.000000
18309 11226 1.000000
18310 11227 1.000000
18311 11228 1.000000
18312 11229 1.000000
18313 11230 1.000000
18314 11231 1.000000
18316 11233 1.000000
18317 11234 1.000000
18318 11235 1.000000
18319 11236 1.000000
18320 11237 1.000000
18322 11239 1.000000
18323 11159 0.816327
18323 11240 1.000000
18323 17327 0.833333
18323 18174 0.800000
18323 18248 0.816327
18323 18607 0.892473
18324 11241 1.000000
18325 11242 1.000000
18327 9312 0.803977
18334 1588 1.000000
18334 9264 1.000000
18334 9285 1.000000
18334 9290 1.000000
18334 9296 1.000000
18334 9307 1.000000
18334 9341 1.000000
18334 9402 1.000000
18334 18396 1.000000
18336 18338 0.921191
18336 18340 0.919861
18336 18344 0.909879
18336 18346 0.909565
18336 18349 0.915517
18336 18351 0.876289
18336 18355 0.897084
18336 18357 0.892123
18336 18365 0.914931
18336 18367 0.891566
18336 18391 0.902564
18336 18399 0.896552
18336 18401 0.893471
18336 18407 0.878840
18336 18409 0.891938
18336 18411 0.869492
18336 18413 0.900172
18336 18416 0.896552
18336 18418 0.883161
18336 18420 0.864636
18336 18422 0.859797
18337 18343 0.826506
18337 18348 0.850856
18337 18352 0.863081
18337 18356 0.881773
18337 18378 0.871287
18337 18380 0.814904
18337 18400 0.867322
18337 18417 0.889163
18338 18336 0.921191
18338 18340 0.938489
18338 18344 0.908305
18338 18346 0.891566
18338 18349 0.894378
18338 18351 0.843170
18338 18355 0.857383
18338 18357 0.858824
18338 18365 0.887179
18338 18367 0.886792
18338 18391 0.872269
18338 18399 0.888508
18338 18401 0.869492
18338 18407 0.861486
18338 18409 0.861720
18338 18411 0.830846
18338 18413 0.857143
18338 18416 0.875639
18338 18418 0.865646
18338 18420 0.829187
18338 18422 0.830565
18340 18336 0.919861
18340 18338 0.938489
18340 18344 0.897260
18340 18346 0.887179
18340 18349 0.902896
18340 18351 0.851602
18340 18355 0.875211
18340 18357 0.892675
18340 18365 0.895727
18340 18367 0.898625
18340 18391 0.890203
18340 18399 0.897084
18340 18401 0.877966
18340 18407 0.876271
18340 18409 0.876481
18340 18411 0.857621
18340 18413 0.878173
18340 18416 0.877759
18340 18418 0.867797
18340 18420 0.837479
18340 18422 0.841930
18343 18337 0.826506
18343 18348 0.864532
18343 18352 0.872236
18343 18356 0.845411
18343 18375 0.811765
18343 18378 0.894737
18343 18380 0.810552
18343 18400 0.867322
18343 18404 0.854369
18343 18417 0.870732
18344 18336 0.909879
18344 18338 0.908305
18344 18340 0.897260
18344 18346 0.916667
18344 18349 0.915952
18344 18351 0.883362
18344 18355 0.872054
18344 18357 0.860972
18344 18365 0.912069
18344 18367 0.888889
18344 18391 0.874372
18344 18399 0.865093
18344 18401 0.900515
18344 18407 0.902062
18344 18409 0.882852
18344 18411 0.848333
18344 18413 0.884550
18344 18416 0.884157
18344 18418 0.864636
18344 18420 0.855946
18344 18422 0.882653
18346 18336 0.909565
18346 18338 0.891566
18346 18340 0.887179
18346 18344 0.916667
18346 18349 0.896082
18346 18351 0.896014
18346 18355 0.877966
18346 18357 0.885860
18346 18365 0.901893
18346 18367 0.914783
18346 18391 0.889831
18346 18399 0.896730
18346 18401 0.913345
18346 18407 0.901724
18346 18409 0.882453
18346 18411 0.872881
18346 18413 0.897084
18346 18416 0.909879
18346 18418 0.902946
18346 18420 0.864865
18346 18422 0.872666
18348 18337 0.850856
18348 18343 0.864532
18348 18352 0.874384
18348 18356 0.842995
18348 18375 0.800937
18348 18378 0.887500
18348 18380 0.852580
18348 18400 0.874074
18348 18404 0.851942
18348 18417 0.863747
18349 18336 0.915517
18349 18338 0.894378
18349 18340 0.902896
18349 18344 0.915952
18349 18346 0.896082
18349 18351 0.898799
18349 18355 0.880872
18349 18357 0.879195
18349 18365 0.924268
18349 18367 0.888136
18349 18391 0.892617
18349 18399 0.880270
18349 18401 0.899660
18349 18407 0.901192
18349 18409 0.904600
18349 18411 0.872697
18349 18413 0.903061
18349 18416 0.896259
18349 18418 0.895904
18349 18420 0.877311
18349 18422 0.881956
18350 18380 0.832930
18351 18336 0.876289
18351 18338 0.843170
18351 18340 0.851602
18351 18344 0.883362
18351 18346 0.896014
18351 18349 0.898799
18351 18355 0.852101
18351 18357 0.859797
18351 18365 0.904679
18351 18367 0.868601
18351 18391 0.876481
18351 18399 0.851351
18351 18401 0.896373
18351 18407 0.884880
18351 18409 0.881849
18351 18411 0.872232
18351 18413 0.886792
18351 18416 0.883161
18351 18418 0.889273
18351 18420 0.870528
18351 18422 0.878425
18352 18337 0.863081
18352 18343 0.872236
18352 18348 0.874384
18352 18356 0.877751
18352 18375 0.825472
18352 18378 0.895262
18352 18380 0.824519
18352 18400 0.845411
18352 18404 0.850602
18352 18417 0.866828
18355 18336 0.897084
18355 18338 0.857383
18355 18340 0.875211
18355 18344 0.872054
18355 18346 0.877966
18355 18349 0.880872
18355 18351 0.852101
18355 18357 0.902730
18355 18365 0.905822
18355 18367 0.898973
18355 18391 0.913118
18355 18399 0.890971
18355 18401 0.881557
18355 18407 0.908935
18355 18409 0.883249
18355 18411 0.880068
18355 18413 0.891341
18355 18416 0.897436
18355 18418 0.871404
18355 18420 0.862647
18355 18422 0.867227
18356 18337 0.881773
18356 18343 0.845411
18356 18348 0.842995
18356 18352 0.877751
18356 18375 0.804651
18356 18378 0.886139
18356 18380 0.816229
18356 18400 0.872861
18356 18404 0.807512
18356 18417 0.867150
18357 18336 0.892123
18357 18338 0.858824
18357 18340 0.892675
18357 18344 0.860972
18357 18346 0.885860
18357 18349 0.879195
18357 18351 0.859797
18357 18355 0.902730
18357 18365 0.884746
18357 18367 0.894017
18357 18391 0.885714
18357 18399 0.898973
18357 18401 0.899145
18357 18407 0.910499
18357 18409 0.872054
18357 18411 0.894378
18357 18413 0.915663
18357 18416 0.886054
18357 18418 0.869712
18357 18420 0.857860
18357 18422 0.843854
18358 18395 0.801527
18358 18410 0.874031
18360 18370 0.853791
18360 18376 0.866055
18360 18412 0.869004
18361 18374 0.904412
18361 18377 0.872902
18361 18379 0.897310
18361 18392 0.817967
18363 18374 0.820093
18363 18379 0.805104
18363 18392 0.880488
18365 18336 0.914931
18365 18338 0.887179
18365 18340 0.895727
18365 18344 0.912069
18365 18346 0.901893
18365 18349 0.924268
18365 18351 0.904679
18365 18355 0.905822
18365 18357 0.884746
18365 18367 0.910190
18365 18391 0.904762
18365 18399 0.882653
18365 18401 0.908778
18365 18407 0.900515
18365 18409 0.890971
18365 18411 0.878173
18365 18413 0.918826
18365 18416 0.902062
18365 18418 0.911612
18365 18420 0.892491
18365 18422 0.910345
18367 18336 0.891566
18367 18338 0.886792
18367 18340 0.898625
18367 18344 0.888889
18367 18346 0.914783
18367 18349 0.888136
18367 18351 0.868601
18367 18355 0.898973
18367 18357 0.894017
18367 18365 0.910190
18367 18391 0.891525
18367 18399 0.908305
18367 18401 0.905172
18367 18407 0.910035
18367 18409 0.880952
18367 18411 0.861953
18367 18413 0.915225
18367 18416 0.908305
18367 18418 0.885077
18367 18420 0.857143
18367 18422 0.890411
18370 18360 0.853791
18370 18376 0.881481
18370 18412 0.888060
18374 18361 0.904412
18374 18363 0.820093
18374 18377 0.888620
18374 18379 0.894866
18374 18392 0.864078
18375 18343 0.811765
18375 18348 0.800937
18375 18352 0.825472
18375 18356 0.804651
18375 18378 0.811321
18375 18398 0.884434
18375 18417 0.824356
18376 18360 0.866055
18376 18370 0.881481
18376 18412 0.890566
18377 18361 0.872902
18377 18374 0.888620
18377 18379 0.872596
18377 18392 0.833729
18378 18337 0.871287
18378 18343 0.894737
18378 18348 0.887500
18378 18352 0.895262
18378 18356 0.886139
18378 18375 0.811321
18378 18380 0.832117
18378 18400 0.895000
18378 18404 0.822967
18378 18417 0.888889
18379 18361 0.897310
18379 18363 0.805104
18379 18374 0.894866
18379 18377 0.872596
18379 18392 0.813239
18380 18337 0.814904
18380 18343 0.810552
18380 18348 0.852580
18380 18350 0.832930
18380 18352 0.824519
18380 18356 0.816229
18380 18378 0.832117
18380 18400 0.828502
18380 18417 0.827751
18382 18394 0.813268
18391 18336 0.902564
18391 18338 0.872269
18391 18340 0.890203
18391 18344 0.874372
18391 18346 0.889831
18391 18349 0.892617
18391 18351 0.876481
18391 18355 0.913118
18391 18357 0.885714
18391 18365 0.904762
18391 18367 0.891525
18391 18399 0.902896
18391 18401 0.883838
18391 18407 0.894915
18391 18409 0.917808
18391 18411 0.888701
18391 18413 0.890388
18391 18416 0.896435
18391 18418 0.896082
18391 18420 0.874372
18391 18422 0.866444
18392 18361 0.817967
18392 18363 0.880488
18392 18374 0.864078
18392 18377 0.833729
18392 18379 0.813239
18394 18382 0.813268
18394 18397 0.862884
18395 18358 0.801527
18395 18410 0.802303
18395 18419 0.815686
18396 1588 1.000000
18396 9264 1.000000
18396 9285 1.000000
18396 9290 1.000000
18396 9296 1.000000
18396 9307 1.000000
18396 9341 1.000000
18396 9402 1.000000
18396 18334 1.000000
18397 18394 0.862884
18398 18375 0.884434
18398 18417 0.817352
18399 18336 0.896552
18399 18338 0.888508
18399 18340 0.897084
18399 18344 0.865093
18399 18346 0.896730
18399 18349 0.880270
18399 18351 0.851351
18399 18355 0.890971
18399 18357 0.898973
18399 18365 0.882653
18399 18367 0.908305
18399 18391 0.902896
18399 18401 0.916811
18399 18407 0.895369
18399 18409 0.902062
18399 18411 0.905336
18399 18413 0.903780
18399 18416 0.906736
18399 18418 0.877133
18399 18420 0.890598
18399 18422 0.844741
18400 18337 0.867322
18400 18343 0.867322
18400 18348 0.874074
18400 18352 0.845411
18400 18356 0.872861
18400 18378 0.895000
18400 18380 0.828502
18400 18404 0.832536
18400 18417 0.903465
18401 18336 0.893471
18401 18338 0.869492
18401 18340 0.877966
18401 18344 0.900515
18401 18346 0.913345
18401 18349 0.899660
18401 18351 0.896373
18401 18355 0.881557
18401 18357 0.899145
18401 18365 0.908778
18401 18367 0.905172
18401 18391 0.883838
18401 18399 0.916811
18401 18407 0.915225
18401 18409 0.898973
18401 18411 0.898973
18401 18413 0.923743
18401 18416 0.920139
18401 18418 0.890223
18401 18420 0.897260
18401 18422 0.879457
18404 18343 0.854369
18404 18348 0.851942
18404 18352 0.850602
18404 18356 0.807512
18404 18378 0.822967
18404 18400 0.832536
18404 18417 0.827423
18407 18336 0.878840
18407 18338 0.861486
18407 18340 0.876271
18407 18344 0.902062
18407 18346 0.901724
18407 18349 0.901192
18407 18351 0.884880
18407 18355 0.908935
18407 18357 0.910499
18407 18365 0.900515
18407 18367 0.910035
18407 18391 0.894915
18407 18399 0.895369
18407 18401 0.915225
18407 18409 0.900515
18407 18411 0.890785
18407 18413 0.925347
18407 18416 0.901893
18407 18418 0.882051
18407 18420 0.876271
18407 18422 0.884157
18409 18336 0.891938
18409 18338 0.861720
18409 18340 0.876481
18409 18344 0.882852
18409 18346 0.882453
18409 18349 0.904600
18409 18351 0.881849
18409 18355 0.883249
18409 18357 0.872054
18409 18365 0.890971
18409 18367 0.880952
18409 18391 0.917808
18409 18399 0.902062
18409 18401 0.898973
18409 18407 0.900515
18409 18411 0.894198
18409 18413 0.899145
18409 18416 0.895548
18409 18418 0.891938
18409 18420 0.889267
18409 18422 0.862185
18410 18358 0.874031
18410 18395 0.802303
18411 18336 0.869492
18411 18338 0.830846
18411 18340 0.857621
18411 18344 0.848333
18411 18346 0.872881
18411 18349 0.872697
18411 18351 0.872232
18411 18355 0.880068
18411 18357 0.894378
18411 18365 0.878173
18411 18367 0.861953
18411 18391 0.888701
18411 18399 0.905336
18411 18401 0.898973
18411 18407 0.890785
18411 18409 0.894198
18411 18413 0.908935
18411 18416 0.905336
18411 18418 0.882253
18411 18420 0.918685
18411 18422 0.846667
18412 18360 0.869004
18412 18370 0.888060
18412 18376 0.890566
18413 18336 0.900172
18413 18338 0.857143
18413 18340 0.878173
18413 18344 0.884550
18413 18346 0.897084
18413 18349 0.903061
18413 18351 0.886792
18413 18355 0.891341
18413 18357 0.915663
18413 18365 0.918826
18413 18367 0.915225
18413 18391 0.890388
18413 18399 0.903780
18413 18401 0.923743
18413 18407 0.925347
18413 18409 0.899145
18413 18411 0.908935
18413 18416 0.920277
18413 18418 0.910035
18413 18420 0.907216
18413 18422 0.882852
18416 18336 0.896552
18416 18338 0.875639
18416 18340 0.877759
18416 18344 0.884157
18416 18346 0.909879
18416 18349 0.896259
18416 18351 0.883161
18416 18355 0.897436
18416 18357 0.886054
18416 18365 0.902062
18416 18367 0.908305
18416 18391 0.896435
18416 18399 0.906736
18416 18401 0.920139
18416 18407 0.901893
18416 18409 0.895548
18416 18411 0.905336
18416 18413 0.920277
18416 18418 0.919721
18416 18420 0.913495
18416 18422 0.882453
18417 18337 0.889163
18417 18343 0.870732
18417 18348 0.863747
18417 18352 0.866828
18417 18356 0.867150
18417 18375 0.824356
18417 18378 0.888889
18417 18380 0.827751
18417 18398 0.817352
18417 18400 0.903465
18417 18404 0.827423
18418 18336 0.883161
18418 18338 0.865646
18418 18340 0.867797
18418 18344 0.864636
18418 18346 0.902946
18418 18349 0.895904
18418 18351 0.889273
18418 18355 0.871404
18418 18357 0.869712
18418 18365 0.911612
18418 18367 0.885077
18418 18391 0.896082
18418 18399 0.877133
18418 18401 0.890223
18418 18407 0.882051
18418 18409 0.891938
18418 18411 0.882253
18418 18413 0.910035
18418 18416 0.919721
18418 18420 0.903282
18418 18422 0.872449
18419 18395 0.815686
18420 18336 0.864636
18420 18338 0.829187
18420 18340 0.837479
18420 18344 0.855946
18420 18346 0.864865
18420 18349 0.877311
18420 18351 0.870528
18420 18355 0.862647
18420 18357 0.857860
18420 18365 0.892491
